0.6058394160583942,0.6363636363636364,0.32234432234432236,0.6666666666666666,0.7127272727272728,0.9527272727272728,0.7054545454545454,0.9487179487179487,0.9743589743589743,0.5970695970695971,0.4652014652014652,0.34558823529411764,0.8560885608856088,0.9854545454545455,0.9456521739130435,0.07326007326007326,0.718978102189781,0.48717948717948717,0.8722627737226277,0.9301470588235294,0.945054945054945,0.7883211678832117,0.8321167883211679,0.7427536231884058,0.7335766423357665,0.9381818181818182,0.927536231884058,0.44727272727272727,0.22181818181818183,0.6218181818181818,0.5108695652173914,0.7246376811594203,0.7753623188405797,0.7862318840579711,0.8840579710144928,0.8181818181818182,0.7137681159420289,0.463768115942029,0.8695652173913043,0.894927536231884,0.42391304347826086,0.8695652173913043,0.8181818181818182,0.605072463768116,0.8840579710144928,0.9021739130434783,0.7282608695652174,0.84,0.8109090909090909,0.7372262773722628,0.9094202898550725,0.7608695652173914,0.8152173913043478,0.717391304347826,0.9854014598540146,0.463768115942029,0.8072727272727273,0.8768115942028986,0.9926739926739927,0.9492753623188406,0.5222816399286988,0.8763250883392226,0.8094405594405595,0.8614035087719298,0.8588850174216028,0.893542757417103,0.6090750436300174,0.7547826086956522,0.40869565217391307,0.8591304347826086,0.5930434782608696,0.06086956521739131,0.12084063047285463,0.29473684210526313,0.31282952548330406,0.3769633507853403,0.5871080139372822,0.5130890052356021,0.5339130434782609,0.8972125435540069,0.9040139616055847,0.33043478260869563,0.7721739130434783,0.47027972027972026,0.8554006968641115,0.45818815331010454,0.6921739130434783,0.8940972222222222,0.6382608695652174,0.6770833333333334,0.46689895470383275,0.8697183098591549,0.765625,0.5165794066317626,0.8606271777003485,0.9495652173913044,0.9095652173913044,0.9895470383275261,0.9391304347826087,0.9303135888501742,0.8118466898954704,0.8815331010452961,0.35130434782608694,0.78125,0.7582608695652174,0.5843478260869566,0.22916666666666666,0.8645833333333334,0.8834782608695653,0.6921739130434783,0.8834782608695653,0.9826388888888888,0.8973913043478261,0.9600694444444444,0.8611111111111112,0.6927083333333334,0.8608695652173913,0.9321739130434783,0.8417391304347827,0.8715277777777778
166,19,2,2,0,0,0,0,0,0,0,0,0,0,0,0,0,5,5,0,0,0,0,0,0,0,0,4,0,0,1,0,0,1,0,1,3,0,0,7,0,0,0,8,1,3,10,0,0,0,0,0,0,0,0,0,0,0,0,0,0,2,0,0,0,0,3,1,0,0,0,0,0,0,0,0,0,0,5,0,0,0,0,0,9,1,0,0,0,0,0,0,0,0,0,1,0,0,0,0,0,0,9,0,5,0,0,0,0,0,0,0,0,0,0,0,0,0,0,0
1,175,1,0,0,0,0,0,0,0,2,0,0,0,1,0,0,0,27,0,1,0,0,0,1,0,0,3,0,2,0,0,0,3,0,1,7,0,0,0,1,0,0,8,0,3,1,0,0,0,0,1,0,0,0,0,0,0,0,0,0,1,0,0,0,0,1,1,0,0,0,0,0,0,0,1,0,0,0,0,1,0,1,0,20,0,0,1,0,0,0,0,0,0,0,2,0,0,0,0,0,0,0,0,7,0,0,0,0,0,0,0,0,0,0,0,0,0,0,0
14,8,88,3,0,0,0,0,0,0,0,0,0,0,0,0,1,1,20,0,0,0,0,0,0,0,0,4,0,2,0,0,0,1,0,4,15,0,1,0,0,0,0,42,0,0,19,2,1,0,0,0,0,0,0,0,0,0,0,0,0,0,0,0,0,0,6,2,1,1,0,0,0,0,0,0,0,0,0,0,0,0,0,0,12,0,0,1,0,0,0,0,1,0,0,0,0,0,0,0,0,0,2,0,21,0,0,0,0,0,0,0,0,0,0,0,0,0,0,0
0,2,1,182,0,0,0,0,0,0,0,0,0,7,0,0,0,0,2,5,0,1,0,0,0,0,0,0,0,0,0,0,0,1,0,0,15,0,0,0,0,0,0,4,0,1,1,0,14,0,0,0,0,0,0,0,0,0,0,0,0,0,1,0,0,0,0,29,0,0,0,0,0,0,0,0,0,0,0,0,1,0,0,0,3,0,0,0,0,0,0,0,0,0,0,0,0,0,0,0,0,0,1,2,0,0,0,0,0,0,0,0,0,0,0,0,0,0,0,0
0,6,0,0,196,0,0,0,0,0,3,0,3,0,3,1,2,0,0,0,0,0,0,8,2,0,0,1,0,2,1,0,1,0,0,1,0,0,0,0,0,1,0,0,15,1,0,1,0,0,0,0,0,0,0,1,0,0,0,0,0,0,0,1,5,0,0,0,0,0,0,0,0,0,0,0,3,0,6,0,0,0,4,0,0,0,1,0,0,0,0,0,0,0,0,1,0,0,0,0,0,2,0,0,1,0,0,0,0,0,1,0,0,0,0,0,1,0,0,0
0,0,0,0,0,262,0,0,0,0,0,0,0,0,0,0,2,0,0,0,0,0,0,0,0,0,0,0,0,0,0,0,0,0,3,0,0,0,0,0,0,2,0,0,0,0,0,4,0,0,0,0,0,0,0,0,0,0,0,0,0,0,0,0,2,0,0,0,0,0,0,0,0,0,0,0,0,0,0,0,0,0,0,0,0,0,0,0,0,0,0,0,0,0,0,0,0,0,0,0,0,0,0,0,0,0,0,0,0,0,0,0,0,0,0,0,0,0,0,0
0,0,0,0,0,2,194,0,0,0,0,0,2,5,1,0,0,0,0,1,0,0,0,0,0,0,0,0,0,0,4,0,0,0,0,0,0,0,0,0,0,3,0,0,0,0,0,0,0,5,0,0,0,0,0,0,1,0,0,0,1,2,15,0,22,0,1,1,0,0,1,0,0,0,0,0,0,0,0,0,0,0,0,0,0,0,0,1,0,0,0,0,1,3,0,0,0,0,0,0,0,0,0,8,0,0,0,0,0,0,0,1,0,0,0,0,0,0,0,0
0,0,0,0,0,0,0,259,0,0,0,0,0,0,0,2,1,0,0,0,0,0,0,0,0,0,0,0,0,0,0,0,0,0,0,0,0,0,0,0,0,2,1,0,0,0,0,0,0,0,0,0,0,0,1,0,0,0,1,1,0,0,0,0,1,0,0,0,0,0,0,0,0,0,0,0,0,0,0,1,0,0,0,0,0,0,0,0,0,0,0,1,0,0,0,0,0,0,0,0,0,0,0,0,0,0,0,0,0,0,1,0,0,1,0,0,0,0,0,0
0,0,0,0,0,1,0,0,266,0,0,0,0,0,0,0,1,0,0,0,0,0,0,0,0,0,0,0,0,0,0,0,0,0,0,0,0,0,0,0,0,0,0,0,0,0,0,1,0,0,0,0,0,0,0,0,0,0,1,0,0,0,3,0,0,0,0,0,0,0,0,0,0,0,0,0,0,0,0,0,0,0,0,0,0,0,0,0,0,0,0,0,0,0,0,0,0,0,0,0,0,0,0,0,0,0,0,0,0,0,0,0,0,0,0,0,0,0,0,0
0,0,0,0,0,0,0,0,0,163,0,2,1,0,0,0,0,0,0,0,0,0,2,0,0,0,0,0,2,3,0,0,0,50,0,0,1,0,16,2,0,0,0,1,0,0,0,0,3,0,0,0,0,0,0,0,0,0,1,0,0,0,0,0,0,0,3,0,0,0,1,0,0,1,0,1,0,1,0,0,0,0,12,2,1,2,0,0,0,0,1,0,0,0,0,0,0,0,0,0,0,0,0,0,1,0,0,0,0,0,0,0,0,0,0,0,0,0,0,0
0,5,0,0,1,0,0,0,0,5,127,33,2,0,1,0,2,0,2,1,0,0,1,0,2,0,0,0,10,23,0,1,6,7,0,0,2,0,0,0,0,0,0,0,0,1,3,0,2,0,0,0,0,0,0,0,0,0,1,0,0,0,0,0,0,0,0,0,0,0,0,0,0,4,0,4,1,0,0,0,0,14,5,4,0,1,0,0,0,0,2,0,0,0,0,0,0,0,0,0,0,0,0,0,0,0,0,0,0,0,0,0,0,0,0,0,0,0,0,0
0,5,0,1,0,0,0,0,0,3,34,94,0,0,0,0,2,0,3,1,0,0,0,0,0,0,0,0,8,62,0,2,0,5,0,1,1,0,4,1,0,0,0,2,1,2,1,0,0,0,0,0,0,0,0,0,0,0,1,0,1,0,0,0,0,0,0,0,0,0,0,0,1,0,1,5,0,0,2,0,0,9,9,7,0,0,0,0,0,0,2,0,0,0,0,0,0,0,0,0,0,1,0,0,0,0,0,0,0,0,0,0,0,0,0,0,0,0,0,0
0,0,0,2,0,0,0,0,0,1,2,0,232,5,0,0,0,0,1,0,0,0,0,0,0,0,0,0,0,0,0,0,0,1,0,0,0,0,0,0,0,0,0,0,0,1,0,0,1,0,0,0,0,0,0,0,0,0,1,0,0,0,0,0,3,1,0,0,0,0,0,0,0,1,0,0,0,0,0,0,0,4,4,0,1,3,0,1,0,0,2,0,0,0,0,2,0,0,0,0,0,0,0,2,0,0,0,0,0,0,0,0,0,0,0,0,0,0,0,0
0,0,0,0,0,0,0,0,0,0,0,0,0,271,1,0,0,0,0,0,0,0,0,0,0,0,0,0,0,0,0,0,0,0,0,0,0,0,0,0,0,0,0,0,0,0,0,2,0,0,0,0,0,0,0,0,0,0,0,0,0,0,0,0,0,0,0,0,1,0,0,0,0,0,0,0,0,0,0,0,0,0,0,0,0,0,0,0,0,0,0,0,0,0,0,0,0,0,0,0,0,0,0,0,0,0,0,0,0,0,0,0,0,0,0,0,0,0,0,0
0,0,0,0,0,0,0,0,0,0,0,0,0,12,261,0,0,0,0,0,0,0,0,0,0,0,0,0,0,0,0,0,0,0,0,0,0,0,0,0,0,0,0,0,0,0,0,0,0,0,0,0,0,0,0,0,0,0,0,0,0,0,1,0,0,0,0,0,0,0,0,0,0,0,0,0,0,0,0,0,0,0,0,0,0,0,0,2,0,0,0,0,0,0,0,0,0,0,0,0,0,0,0,0,0,0,0,0,0,0,0,0,0,0,0,0,0,0,0,0
0,0,0,0,0,6,0,0,0,0,0,0,0,0,6,20,176,0,0,0,0,0,0,12,0,0,0,0,0,0,0,0,0,0,2,0,0,0,0,0,0,4,0,0,3,0,0,23,0,0,1,0,0,0,0,0,0,0,1,0,0,0,0,0,0,0,0,0,0,0,0,0,0,0,0,0,0,0,0,0,0,0,0,0,0,0,0,0,2,1,1,0,0,0,0,0,0,0,0,2,0,13,0,0,0,0,0,0,0,0,0,0,0,0,0,0,0,0,0,0
0,1,0,0,0,4,0,0,0,0,0,0,0,1,1,3,197,0,0,1,0,0,0,24,2,0,0,0,0,0,0,0,0,0,0,0,1,0,0,0,0,1,0,0,1,2,0,13,0,0,6,0,0,0,0,0,0,0,1,0,0,0,0,0,0,1,0,0,0,0,0,0,0,0,0,0,0,0,0,0,0,0,0,0,1,1,0,0,4,0,1,0,0,0,0,0,0,0,0,4,0,3,0,0,0,0,0,0,0,0,0,0,0,0,0,0,0,0,0,0
0,36,0,4,0,0,0,0,0,0,0,0,1,0,0,0,0,133,25,1,0,0,0,0,0,0,0,0,0,1,0,0,0,0,0,0,10,0,6,1,1,0,0,6,1,1,3,0,0,0,0,0,0,0,0,0,0,0,0,0,3,4,0,0,0,0,0,0,0,0,0,0,0,0,0,0,0,0,0,0,0,0,0,0,30,1,0,0,0,0,0,0,0,0,0,3,0,0,0,0,0,0,1,0,0,0,0,0,0,0,0,0,0,0,1,0,0,0,0,0
0,1,0,2,0,0,0,0,0,0,1,0,0,0,0,0,0,0,239,0,2,0,0,0,0,0,0,0,0,1,0,0,1,0,0,0,1,0,0,0,0,0,0,0,0,0,0,0,0,0,0,0,0,0,0,0,0,0,1,0,0,22,0,0,0,0,0,0,0,0,0,0,0,0,0,0,0,0,0,0,0,0,0,0,1,0,0,0,0,0,0,0,0,0,0,2,0,0,0,0,0,0,0,0,0,0,0,0,0,0,0,0,0,0,0,0,0,0,0,0
0,5,0,4,0,0,0,0,0,0,0,0,0,0,0,0,0,0,0,253,1,0,0,0,0,0,0,0,0,0,0,0,0,0,0,0,0,0,0,0,0,0,0,0,0,1,0,0,0,0,0,0,0,0,0,0,0,0,1,0,1,0,0,0,0,0,0,3,0,0,0,0,0,0,0,0,0,0,0,0,0,0,0,0,1,0,1,0,0,0,0,0,0,1,0,0,0,0,0,0,0,0,0,0,0,0,0,0,0,0,0,0,0,0,0,0,0,0,0,0
0,0,0,1,0,0,0,0,0,0,0,0,0,0,1,0,0,0,4,1,258,0,0,0,0,0,0,0,0,0,0,0,0,0,0,1,0,0,0,0,1,0,0,0,0,0,0,0,0,0,0,0,0,0,0,0,0,0,1,0,0,0,0,0,4,0,0,0,0,0,0,0,0,0,0,0,0,0,0,0,0,0,0,0,0,0,0,0,0,0,0,0,0,0,0,0,0,0,0,0,0,0,1,0,0,0,0,0,0,0,0,0,0,0,0,0,0,0,0,0
0,0,0,2,0,0,0,0,0,4,0,0,0,2,0,0,0,0,0,2,0,216,5,0,0,0,0,0,0,0,0,0,0,0,0,0,0,0,0,0,0,0,0,2,0,0,1,0,16,0,0,0,0,0,0,0,0,0,1,0,0,1,2,0,0,0,0,2,0,0,0,0,0,0,0,0,0,0,0,0,0,0,0,0,0,0,0,0,0,0,0,0,10,0,3,0,0,0,0,0,0,0,0,5,0,0,0,0,0,0,0,0,0,0,0,0,0,0,0,0
0,0,0,0,0,0,0,0,0,2,0,0,0,0,0,0,0,0,0,0,0,0,228,0,0,0,0,0,0,0,1,0,0,0,0,1,0,0,0,1,0,0,0,0,0,0,0,0,16,0,0,0,0,0,0,0,0,0,0,0,0,0,0,0,0,0,0,0,0,0,3,0,0,0,0,0,0,0,0,0,0,0,0,0,0,0,0,0,0,0,0,0,12,0,0,0,0,3,0,1,0,0,4,0,1,0,0,0,0,0,1,0,0,0,0,0,0,0,0,0
0,0,0,0,0,0,0,0,2,0,0,0,0,0,1,0,0,0,0,0,0,0,0,205,1,1,0,0,0,0,0,0,0,0,0,0,0,0,0,0,0,19,0,0,0,1,0,0,0,0,30,0,0,0,0,0,0,0,0,0,0,0,0,0,0,0,0,0,0,0,0,0,0,0,0,0,0,0,0,0,0,0,0,0,0,0,0,2,0,0,0,0,0,0,0,0,0,0,1,3,0,9,0,1,0,0,0,0,0,0,0,0,0,0,0,0,0,0,0,0
0,6,0,2,3,0,0,0,0,1,0,0,0,0,8,1,2,1,1,1,1,0,0,0,201,0,0,0,0,0,0,0,0,0,0,0,0,0,3,0,0,0,0,0,9,11,0,1,1,0,1,0,0,0,0,0,0,0,1,0,0,0,0,0,0,0,0,0,1,0,1,0,0,0,0,0,1,0,1,0,0,0,1,0,0,1,0,11,0,0,0,0,0,0,0,1,0,0,0,0,0,0,0,0,0,0,0,0,1,0,0,0,0,0,0,0,0,0,0,0
0,0,0,0,0,0,0,0,0,0,0,0,0,0,0,0,0,0,0,0,0,0,0,0,0,258,0,0,0,0,0,0,0,0,0,0,0,0,0,0,0,3,0,0,0,0,0,0,0,0,0,0,0,0,0,0,0,0,0,0,0,0,0,0,0,0,0,0,0,0,0,0,0,0,0,0,0,0,0,0,0,0,0,0,0,0,0,0,0,0,0,0,0,0,0,0,0,0,8,6,0,0,0,0,0,0,0,0,0,0,0,0,0,0,0,0,0,0,0,0
0,0,0,0,0,0,0,0,0,0,0,0,0,1,0,0,0,0,0,0,0,0,0,0,0,1,256,0,0,0,0,0,0,0,0,0,0,0,0,0,0,0,0,0,0,0,0,0,0,0,0,0,0,0,0,0,0,0,0,0,0,0,8,0,2,0,0,0,0,0,0,0,0,0,0,0,0,0,0,0,0,0,0,0,0,0,0,0,0,0,0,0,0,0,0,0,0,0,7,0,1,0,0,0,0,0,0,0,0,0,0,0,0,0,0,0,0,0,0,0
2,10,0,5,0,0,0,0,0,0,0,0,0,0,0,0,0,1,1,2,0,0,0,0,1,0,0,123,0,1,0,1,0,1,0,0,3,0,0,0,0,0,0,6,0,0,2,0,0,0,0,0,0,0,0,0,0,0,2,0,0,0,0,0,0,0,2,0,0,0,1,0,0,0,0,1,0,0,1,0,0,1,0,0,90,0,0,1,0,0,0,0,2,0,0,0,0,0,0,0,0,0,8,0,7,0,0,0,0,0,0,0,0,0,0,0,0,0,0,0
0,3,0,0,1,0,0,0,0,0,10,30,12,0,1,0,2,0,0,0,0,0,0,0,1,0,0,0,61,50,0,3,1,9,0,0,0,0,1,0,0,0,0,0,11,0,0,0,0,0,0,0,0,0,0,0,0,0,1,0,0,1,0,1,0,3,0,0,0,0,0,0,1,6,14,0,0,3,0,0,1,2,6,16,5,8,0,4,1,0,6,0,0,0,0,0,0,0,0,0,0,0,0,0,0,0,0,0,0,0,0,0,0,0,0,0,0,0,0,0
0,5,0,2,0,0,0,0,0,0,18,17,1,0,1,0,1,0,2,1,0,0,1,0,4,0,0,0,1,171,0,0,0,1,0,3,0,0,0,0,0,0,0,2,6,3,1,1,0,0,0,0,0,0,0,0,0,0,2,0,0,0,0,0,0,0,0,0,1,0,0,0,1,0,2,4,0,1,1,0,0,4,11,4,0,1,0,0,0,0,0,0,0,0,0,0,0,0,0,0,0,0,0,0,0,0,0,0,0,0,1,0,0,0,0,0,0,0,0,0
1,0,0,0,0,0,0,0,1,2,1,0,0,0,0,0,1,0,0,0,0,0,3,0,1,0,0,0,0,0,141,18,1,0,0,0,0,0,0,0,0,0,0,0,1,0,3,0,0,0,0,0,0,0,1,0,0,0,1,0,0,0,1,0,6,0,4,0,14,50,3,1,0,0,0,0,3,0,0,0,0,0,0,0,0,0,0,0,0,0,0,0,11,1,0,0,0,0,0,0,0,0,1,2,0,0,0,0,0,3,0,0,0,0,0,0,0,0,0,0
0,0,0,2,0,0,0,0,0,3,1,0,1,0,0,0,0,0,0,0,1,0,1,1,0,0,0,1,0,0,16,200,3,0,0,2,0,0,0,1,0,0,0,1,2,3,3,0,0,0,0,0,0,0,0,0,0,0,1,0,0,0,0,0,2,1,0,0,6,0,2,0,1,0,0,0,7,0,0,0,2,0,1,1,0,0,0,0,0,0,0,0,0,0,0,0,0,0,0,0,0,0,1,6,0,0,0,0,0,1,0,0,0,0,2,0,0,0,0,0
0,4,0,0,0,0,0,0,0,0,2,0,3,0,0,0,0,0,3,0,0,0,1,0,2,0,0,0,0,1,0,0,214,3,0,1,0,1,3,3,0,0,0,0,2,0,1,0,0,0,0,0,0,0,0,0,0,0,1,0,0,0,0,0,1,0,1,0,1,6,2,0,0,0,0,0,0,8,1,0,0,0,4,0,0,1,0,0,0,0,0,0,0,0,0,3,0,0,0,0,0,0,1,0,1,0,0,0,0,0,1,0,0,0,0,0,0,0,0,0
0,0,0,1,0,0,0,0,0,8,1,1,4,0,0,0,0,0,0,0,0,1,1,0,0,0,0,0,1,0,0,0,0,217,0,0,0,0,2,3,0,0,0,0,0,1,0,0,0,0,0,0,0,0,0,0,0,0,0,0,0,0,0,0,0,0,1,0,1,0,0,0,0,0,0,0,0,0,0,0,0,0,22,1,1,5,0,0,0,0,0,0,0,0,0,2,0,0,0,0,0,0,0,0,0,0,0,0,0,0,0,0,0,0,2,0,0,0,0,0
0,0,0,0,0,8,0,1,0,0,0,0,0,0,0,0,0,0,0,0,0,0,0,0,0,0,0,0,0,0,0,0,0,0,244,0,0,0,0,0,0,0,0,0,9,0,0,11,0,0,0,0,0,0,0,0,0,0,0,0,0,0,0,0,0,0,0,0,0,0,0,0,0,0,0,0,0,0,0,0,0,0,0,0,0,0,0,0,0,0,0,0,0,0,0,0,0,0,1,0,0,1,0,0,0,0,0,0,0,0,0,0,0,0,0,0,1,0,0,0
0,0,0,1,2,0,0,0,0,0,0,0,0,0,0,0,1,0,0,0,0,0,0,0,3,0,0,0,0,4,1,0,0,0,0,225,1,1,0,0,0,0,0,0,2,6,1,0,0,0,0,0,0,0,0,0,0,0,1,0,0,0,0,0,0,0,2,0,2,0,0,0,0,0,0,0,0,0,1,0,0,0,1,0,0,0,0,0,0,0,0,0,0,0,0,0,0,0,0,2,0,0,1,0,0,0,0,1,0,0,16,0,0,0,0,0,0,0,0,0
0,3,0,9,0,0,0,0,0,0,0,0,0,0,0,0,0,0,5,1,1,0,0,0,3,0,0,0,0,0,1,1,0,1,0,0,197,0,2,0,4,0,0,5,3,1,6,0,2,0,0,0,0,0,0,0,0,0,1,0,0,0,0,0,0,0,0,2,0,0,0,0,0,0,0,0,0,0,0,0,0,0,0,0,19,0,0,0,0,0,0,0,0,0,0,7,0,0,0,0,0,0,0,0,2,0,0,0,0,0,0,0,0,0,0,0,0,0,0,0
0,1,3,0,0,0,0,0,0,0,0,0,0,4,0,0,0,0,5,21,0,0,1,0,0,0,0,1,0,0,0,0,0,0,0,3,0,128,1,2,0,0,0,2,0,1,0,0,2,0,0,0,0,0,0,0,0,0,1,0,0,5,0,0,4,0,3,6,0,1,9,0,0,0,0,0,6,0,0,0,0,0,0,0,0,0,0,0,0,0,0,0,11,0,4,0,0,1,0,1,0,0,36,5,8,0,0,0,0,0,0,0,0,0,0,0,0,0,0,0
0,0,0,0,0,0,0,0,0,2,0,0,0,0,0,0,0,0,1,1,0,0,0,0,0,0,0,0,0,0,0,0,0,1,0,0,1,0,240,2,1,0,0,0,6,0,0,0,0,0,0,0,0,0,0,0,0,0,0,0,0,0,0,0,0,0,1,0,0,0,0,0,0,0,0,0,0,0,3,0,0,0,0,0,3,0,0,0,0,0,0,0,0,0,0,9,0,4,0,0,0,0,0,0,0,0,0,0,0,0,0,0,0,0,1,0,0,0,0,0
0,0,0,0,0,0,0,0,0,3,0,0,0,0,0,0,0,0,2,0,0,0,0,0,0,0,0,0,0,0,0,0,1,1,0,0,0,0,6,247,0,0,0,0,0,0,0,0,0,0,0,0,0,0,0,0,0,0,0,0,0,0,0,0,0,0,1,0,0,1,0,0,0,0,0,0,0,0,0,0,0,0,1,0,0,0,0,0,0,0,0,0,0,0,0,10,0,0,0,0,0,0,1,0,0,0,0,0,0,0,0,0,0,0,2,0,0,0,0,0
0,1,0,1,0,0,0,0,0,0,0,0,0,0,0,0,0,0,2,1,2,0,0,1,2,0,0,0,0,0,0,0,0,0,3,1,3,0,27,0,117,0,0,10,27,3,2,15,0,0,0,0,0,0,0,0,0,0,1,0,0,0,0,0,3,0,1,0,0,0,0,0,0,0,0,0,0,0,0,0,0,0,0,0,1,0,0,1,0,0,0,0,0,0,0,2,0,0,0,0,0,1,0,0,47,0,0,0,0,0,0,0,0,0,0,0,1,0,0,0
0,0,0,0,0,1,1,0,0,0,0,0,0,0,0,0,0,0,0,0,0,0,0,0,0,0,0,0,0,0,0,0,0,0,0,0,0,0,0,0,0,240,0,0,0,3,0,0,0,0,0,0,0,0,1,0,0,0,13,2,0,0,0,0,1,0,0,0,0,0,0,0,0,0,0,0,0,0,0,0,0,0,0,0,0,0,0,1,0,0,0,2,0,0,0,0,0,0,0,8,0,3,0,0,0,0,0,0,0,0,0,0,0,0,0,0,0,0,0,0
0,0,0,0,0,4,0,0,0,0,0,0,0,0,0,4,5,0,0,0,0,0,0,0,0,0,0,0,0,0,0,0,0,0,0,0,0,0,0,0,0,10,225,0,1,0,0,1,0,0,0,0,0,0,1,0,0,0,12,2,0,0,0,0,0,0,0,0,0,0,0,0,0,0,0,0,0,0,0,1,0,0,0,0,0,0,0,0,0,0,0,8,0,0,0,0,0,0,0,0,0,0,0,0,0,0,0,1,0,0,0,0,0,0,0,0,0,0,0,0
3,3,2,0,1,0,0,0,0,0,0,0,0,0,0,0,1,0,0,1,0,0,1,0,0,0,0,2,0,0,1,0,1,0,0,0,9,0,2,0,7,0,0,167,1,1,12,1,4,0,0,0,0,0,0,0,0,0,1,0,0,2,0,0,0,0,1,7,0,0,0,0,0,0,0,0,0,0,0,0,0,0,0,0,0,0,0,0,0,0,0,0,0,0,0,0,0,0,0,0,0,0,5,0,40,0,0,0,0,0,0,0,0,0,0,0,0,0,0,0
0,0,0,0,2,0,0,0,0,0,0,0,0,0,1,0,2,0,0,0,0,0,0,0,1,0,0,0,0,2,0,0,1,0,0,1,0,0,0,0,0,0,0,0,244,13,0,2,0,0,0,0,0,0,0,0,0,0,0,0,0,0,0,1,1,0,0,0,0,0,0,0,0,0,0,0,0,0,0,0,0,0,0,0,1,0,0,1,0,0,0,0,0,0,0,2,0,0,0,0,0,0,0,0,1,0,0,0,0,0,0,0,0,0,0,0,0,0,0,0
0,0,0,0,1,0,0,0,0,0,0,0,0,0,1,0,0,0,0,0,0,0,0,0,4,0,0,0,0,0,0,0,0,0,0,2,0,1,0,0,0,0,0,0,8,249,1,2,0,0,0,0,0,0,0,0,0,0,0,0,0,0,0,0,0,0,0,0,0,0,0,0,0,0,0,0,0,0,0,0,0,0,0,0,0,0,0,6,0,0,0,0,0,0,0,0,0,0,0,0,0,1,0,0,0,0,0,0,0,0,0,0,0,0,0,0,0,0,0,0
0,1,0,8,1,0,0,0,0,0,0,0,0,1,0,0,0,0,2,3,1,0,0,0,1,0,0,0,0,0,1,0,0,0,0,1,1,0,0,2,1,0,0,14,2,3,201,1,0,0,0,0,0,0,0,0,0,0,1,0,0,2,0,0,1,0,0,17,0,0,0,0,0,0,0,0,0,0,0,0,0,0,0,0,1,0,0,0,0,0,0,0,0,0,0,3,0,0,0,0,0,0,2,0,4,0,0,0,0,0,0,0,0,0,0,0,0,0,0,0
0,0,0,0,0,0,1,0,0,0,0,0,0,0,1,0,1,0,0,0,0,0,0,0,0,0,0,0,0,0,0,0,0,0,6,0,0,0,0,0,0,0,0,0,28,2,0,231,0,0,0,0,0,0,1,0,0,0,1,0,0,0,0,0,1,0,0,0,0,0,0,0,0,0,0,0,0,0,0,0,0,0,0,0,0,0,0,0,0,0,0,0,0,0,0,1,0,0,0,0,0,0,0,0,0,0,0,0,0,0,0,0,0,0,0,0,1,0,0,0
0,0,0,0,2,0,0,0,0,6,1,0,0,0,0,0,0,0,0,1,0,0,3,0,0,0,0,0,0,0,0,0,0,5,0,0,1,0,0,0,0,0,0,4,0,2,0,0,223,0,0,0,0,0,0,0,0,0,0,0,0,1,0,0,0,0,1,0,0,0,1,0,0,0,0,0,1,0,0,0,0,1,0,0,0,0,0,0,0,0,0,0,21,0,0,0,0,0,0,0,0,0,1,0,0,0,0,0,0,0,0,0,0,0,0,0,0,0,0,0
0,0,0,0,0,0,2,0,0,0,0,0,0,0,0,0,0,0,0,0,0,0,0,0,0,0,0,0,0,0,0,0,0,0,0,1,0,0,0,0,0,0,0,0,0,2,0,0,0,202,4,1,6,0,1,0,2,0,0,0,0,0,1,0,2,0,0,0,0,0,0,0,0,0,0,0,0,0,0,0,2,0,1,0,0,0,0,0,0,0,0,0,0,0,0,0,0,0,0,0,0,0,0,1,0,29,0,2,4,0,1,8,0,1,0,0,1,0,0,0
0,0,0,0,0,0,0,0,0,0,0,0,0,0,0,0,0,0,0,0,0,0,0,3,1,0,0,0,0,0,0,0,0,0,0,0,0,0,0,0,0,0,0,0,0,0,0,0,0,5,251,1,0,0,0,0,1,0,0,0,0,0,0,0,2,0,0,0,0,0,0,0,0,0,0,0,0,0,0,0,0,0,0,0,0,0,0,0,1,0,0,0,0,0,0,0,0,0,0,0,0,1,0,0,0,1,0,2,1,0,5,0,0,0,0,0,0,1,0,0
0,0,0,0,0,0,0,0,0,0,0,0,0,0,0,0,0,0,0,0,0,0,0,0,0,0,0,0,0,0,0,0,0,0,0,0,0,0,0,0,0,0,0,0,0,0,0,0,0,21,5,210,0,0,20,0,2,0,0,2,0,0,0,0,0,0,0,0,0,0,0,0,0,0,0,0,0,0,0,0,0,0,0,0,0,0,0,1,0,0,0,0,0,0,0,0,0,0,0,0,0,1,0,1,0,4,0,3,0,1,0,2,0,0,0,0,1,0,2,0
0,0,0,0,1,0,0,0,0,0,0,0,0,0,0,0,0,0,0,0,0,0,0,0,0,0,0,0,0,0,0,0,0,0,0,0,0,0,0,0,0,0,0,0,0,2,0,0,0,6,1,0,225,3,5,1,3,1,0,0,0,0,0,0,0,0,0,0,0,0,0,0,0,0,0,0,0,0,0,0,0,0,0,0,0,0,0,0,0,0,0,0,1,0,0,0,0,0,0,1,0,0,0,1,0,1,1,0,2,3,12,0,0,0,0,0,6,0,0,0
0,0,0,0,0,0,0,0,0,0,0,0,0,0,0,0,0,0,0,0,0,0,0,0,0,0,0,0,0,0,0,0,0,0,0,0,0,0,0,1,0,0,0,0,0,1,0,0,0,1,0,0,3,198,0,1,0,1,0,0,0,0,0,0,0,0,3,0,1,0,0,0,1,0,0,0,0,0,0,0,0,0,0,0,0,0,0,0,0,0,0,0,0,0,0,0,0,0,0,0,0,0,1,0,0,1,2,0,2,35,2,14,0,0,2,0,1,1,0,4
0,0,0,0,0,0,0,0,0,0,0,0,0,0,1,0,0,0,0,0,0,0,0,0,0,0,0,0,0,0,0,0,0,0,0,0,0,0,0,0,0,0,0,0,0,1,0,0,0,1,0,0,0,0,270,0,0,0,0,0,0,0,0,0,0,0,0,0,0,0,0,0,0,0,0,0,0,0,0,0,0,0,0,0,0,0,0,0,0,0,0,0,0,0,0,0,0,0,0,0,0,0,0,0,0,0,0,1,0,0,0,0,0,0,0,0,0,0,0,0
0,0,0,0,1,1,0,0,0,0,0,0,0,0,0,0,0,0,0,0,0,0,0,0,0,0,0,1,0,1,0,0,0,0,0,0,0,0,0,0,0,0,0,0,0,0,0,0,0,0,0,0,2,3,3,128,1,5,0,0,0,0,0,0,0,0,0,0,0,0,1,0,0,0,0,0,0,0,0,0,0,0,0,0,0,0,0,1,0,0,0,0,0,0,0,1,0,0,0,0,0,0,0,0,0,0,0,0,9,3,0,1,1,0,0,0,0,113,0,0
0,0,0,0,0,0,0,0,0,0,0,0,0,0,0,0,0,0,0,0,0,0,0,0,1,0,0,0,0,0,0,0,0,0,1,0,0,0,0,0,0,0,0,0,0,0,0,2,0,3,2,0,2,0,4,3,222,1,0,0,0,0,0,0,1,1,0,0,0,0,0,0,0,0,0,0,1,0,0,0,0,0,0,0,0,0,0,1,0,0,0,0,0,0,0,0,0,0,0,0,0,0,0,0,0,0,0,4,21,0,0,0,0,2,0,0,2,1,0,0
0,0,0,0,1,0,0,0,0,0,0,0,0,0,0,0,0,0,0,0,0,0,0,0,1,0,0,0,0,0,0,0,0,0,0,1,0,0,0,0,0,0,0,0,0,1,0,0,0,0,0,0,0,0,1,3,8,242,0,0,0,0,0,0,0,0,0,0,0,1,0,0,0,0,0,0,0,0,0,0,1,0,0,0,0,0,0,1,0,0,0,0,0,0,0,0,0,0,0,0,0,0,0,0,0,0,0,0,5,2,0,0,0,0,0,0,2,6,0,0
0,0,0,0,0,0,0,0,0,0,0,0,0,0,0,0,0,0,0,0,0,0,0,0,0,0,0,0,0,0,0,0,0,0,0,0,0,0,0,0,0,0,0,0,0,0,0,0,0,0,0,0,0,0,0,0,0,0,271,1,0,0,0,0,0,0,0,0,0,0,0,0,0,0,0,0,0,0,0,0,0,0,0,0,0,0,0,0,0,0,0,0,0,0,0,0,0,0,0,0,0,0,0,0,0,0,0,0,0,0,0,0,0,0,0,1,0,0,0,0
0,0,0,0,0,0,0,0,0,0,0,0,0,0,0,0,0,0,0,0,0,0,0,0,0,0,0,0,0,0,0,0,0,0,0,0,0,0,0,0,0,0,0,0,0,0,0,0,0,0,0,0,0,0,0,0,0,0,14,262,0,0,0,0,0,0,0,0,0,0,0,0,0,0,0,0,0,0,0,0,0,0,0,0,0,0,0,0,0,0,0,0,0,0,0,0,0,0,0,0,0,0,0,0,0,0,0,0,0,0,0,0,0,0,0,0,0,0,0,0
0,1,0,2,0,0,0,0,0,0,0,0,1,0,0,0,0,5,5,3,0,0,0,0,0,0,0,4,0,0,0,0,0,0,0,0,2,0,0,1,1,0,0,4,0,0,1,0,0,0,0,0,0,0,0,0,0,0,0,0,293,75,1,0,2,0,3,72,0,0,0,0,0,0,0,1,0,0,22,0,0,0,0,0,31,0,1,1,0,0,0,0,1,2,0,2,0,0,0,0,0,1,3,2,12,0,0,0,0,0,0,2,0,0,4,0,0,0,0,0
0,0,0,0,0,0,0,0,0,0,0,0,1,0,0,0,0,0,17,0,13,0,0,0,2,0,0,0,0,0,0,0,0,0,0,0,2,0,0,1,0,0,0,0,0,0,0,0,0,0,0,0,0,0,0,0,0,0,0,0,0,496,0,0,0,0,1,11,0,0,0,0,0,0,0,0,1,0,0,0,1,0,0,0,1,0,0,3,0,0,0,0,0,2,0,3,0,0,0,0,0,0,1,1,6,0,0,0,0,0,1,1,0,0,0,0,0,1,0,0
0,0,0,0,0,0,10,0,0,0,0,0,0,0,0,0,0,0,1,2,0,0,0,0,0,0,0,0,0,0,1,0,0,0,0,0,0,0,0,26,0,0,0,0,0,0,0,0,0,0,0,0,0,0,0,0,0,0,0,0,0,3,463,0,14,0,5,8,0,1,2,0,0,0,0,0,1,0,1,0,2,0,0,0,0,0,0,0,0,0,0,1,14,3,0,1,0,0,0,0,0,0,2,4,2,1,0,1,0,0,0,3,0,0,0,0,0,0,0,0
0,8,0,0,0,0,1,0,0,0,0,0,0,0,0,0,4,0,0,0,0,0,1,0,0,0,0,0,0,0,0,0,0,0,0,0,0,0,0,0,1,0,0,0,0,0,0,4,0,0,0,0,0,0,0,0,0,0,1,0,0,1,0,491,15,9,0,0,0,0,0,0,0,0,0,1,2,0,0,0,16,0,0,0,0,0,0,3,1,0,1,0,0,0,0,0,1,0,1,0,0,0,0,0,0,0,1,0,0,0,0,0,0,0,0,0,0,1,0,6
0,0,0,0,0,0,0,0,0,0,0,0,7,1,0,0,0,0,0,0,0,0,0,0,0,0,0,0,0,0,0,0,0,0,0,0,0,0,0,1,0,0,0,0,0,0,0,0,0,0,0,0,0,0,0,0,0,0,1,0,0,0,8,0,493,0,5,0,0,1,2,0,0,0,0,0,10,0,0,0,6,0,1,0,0,0,0,1,0,0,2,0,4,4,0,5,1,9,0,0,0,1,0,0,0,3,0,1,1,0,0,3,0,0,0,0,0,1,0,2
0,0,0,0,0,0,0,0,0,0,3,0,0,0,1,0,1,0,1,0,0,0,0,0,0,0,0,0,0,1,0,0,0,1,0,0,0,0,0,0,0,0,0,0,0,0,0,1,0,0,0,0,0,0,0,0,0,0,1,0,0,0,0,0,2,512,0,0,0,0,0,0,0,0,0,1,0,0,0,0,15,0,11,0,0,8,0,7,0,0,1,0,0,0,0,1,0,0,0,0,0,0,0,0,0,0,1,0,0,0,0,1,0,0,1,0,0,0,0,2
0,1,0,0,0,0,0,0,0,0,0,0,0,0,0,0,0,0,0,0,0,0,0,0,0,0,0,0,0,0,0,0,0,0,0,0,0,0,4,0,1,0,0,0,1,0,0,0,0,0,0,0,0,0,0,0,0,0,0,0,0,0,0,0,2,0,349,0,2,0,6,0,0,0,0,0,4,0,3,0,2,0,0,0,0,0,0,0,0,0,0,0,1,0,0,9,0,0,0,0,0,2,21,0,151,0,0,0,0,1,4,1,0,0,5,1,2,0,0,0
1,0,0,11,0,0,0,0,0,0,0,0,1,0,0,0,0,1,2,0,6,0,0,0,1,0,0,0,0,0,0,0,0,0,0,0,0,0,1,1,1,0,0,9,0,0,9,0,0,0,0,0,0,0,0,0,0,0,0,0,0,13,2,0,0,1,7,434,1,1,1,0,0,0,0,0,3,0,1,0,0,0,0,0,2,0,0,0,0,0,0,0,9,0,0,3,0,0,1,0,0,2,12,1,31,0,0,0,0,0,2,0,0,0,1,0,0,0,0,3
0,0,0,0,0,0,0,0,0,0,0,0,0,0,0,0,0,0,0,0,0,0,0,0,0,0,0,0,0,0,3,5,0,0,0,0,0,0,2,2,0,0,0,0,0,0,0,0,0,0,0,0,0,0,0,0,0,0,0,0,0,0,1,0,8,0,38,0,235,67,105,23,0,0,0,0,19,0,0,0,23,0,3,0,0,0,0,0,0,0,0,0,4,0,2,3,0,0,0,0,0,0,4,0,13,1,0,0,0,4,3,7,0,0,0,0,0,0,0,0
0,0,0,0,0,0,0,0,0,0,0,0,0,0,0,0,0,0,0,0,0,0,0,0,0,0,0,0,0,0,3,0,1,0,0,0,0,0,0,0,0,0,0,0,0,0,0,0,0,0,0,0,0,0,0,0,0,0,0,0,0,0,1,0,5,0,7,2,17,494,14,0,2,0,0,0,6,0,1,0,4,1,0,0,0,0,0,0,0,0,0,0,2,0,0,1,0,0,0,1,0,0,1,1,4,0,0,0,0,2,1,4,0,0,0,0,0,0,0,0
0,0,0,0,0,0,0,0,0,0,0,0,0,0,0,0,0,0,2,0,0,0,1,0,0,0,0,0,0,0,0,0,0,0,0,1,0,0,2,1,0,0,0,0,1,0,0,0,0,0,0,0,0,1,0,0,0,0,0,0,0,2,4,0,5,0,27,4,44,35,341,30,0,0,0,0,24,0,1,0,4,0,0,0,0,0,0,0,0,0,0,0,13,0,2,7,0,0,0,0,0,2,5,0,10,0,0,0,0,0,1,4,0,0,1,0,0,0,0,0
0,0,0,0,0,0,0,0,0,0,0,0,0,0,0,0,0,0,0,0,0,0,1,0,0,0,0,0,0,0,8,0,0,0,0,0,0,0,7,0,0,0,0,0,0,1,0,0,0,0,0,0,0,3,0,0,0,0,0,0,0,1,3,0,3,0,31,3,88,39,269,35,0,0,0,0,24,0,2,0,13,0,1,0,0,0,0,0,0,0,0,0,8,1,2,2,0,0,0,0,0,1,6,0,10,0,0,0,1,3,3,6,0,0,0,0,0,0,0,0
0,13,0,0,0,0,0,0,0,2,55,38,1,0,0,0,1,0,1,0,0,0,0,0,1,0,0,0,7,41,0,0,7,5,0,0,0,0,0,0,0,0,0,0,3,0,0,1,0,0,0,0,0,1,0,0,0,0,3,0,0,0,1,0,0,0,2,0,0,0,0,0,69,17,39,79,3,24,2,0,1,41,45,21,9,4,0,0,2,0,20,0,0,0,0,0,0,0,0,1,0,0,0,0,0,0,0,0,1,1,6,0,0,0,1,0,0,2,0,0
0,2,0,0,1,0,0,0,0,4,9,12,2,0,0,0,0,0,0,0,0,0,0,0,2,0,0,0,19,52,0,0,1,12,0,2,0,0,0,0,0,0,0,0,8,1,0,0,0,0,0,0,0,0,1,0,0,0,0,0,0,0,0,0,1,0,2,0,2,0,0,0,3,168,38,12,5,15,5,0,1,6,49,113,6,3,0,0,0,0,3,0,0,0,0,0,0,0,0,2,0,0,0,0,0,0,0,0,3,0,5,0,0,0,0,0,0,0,0,0
0,4,0,0,2,0,0,0,0,2,6,35,0,0,0,0,0,0,0,0,0,0,1,0,10,0,0,1,35,58,1,0,11,10,0,0,5,0,7,0,0,0,0,2,52,1,4,0,0,0,0,0,0,0,0,0,0,0,0,0,0,0,0,0,0,0,2,0,3,0,0,0,2,9,178,19,1,10,11,0,0,4,23,39,9,2,0,0,0,0,2,0,1,0,0,1,0,0,0,1,0,0,0,0,1,0,0,0,1,0,2,0,0,0,1,0,0,0,0,0
0,0,0,1,2,0,0,0,0,1,43,29,1,0,0,0,0,0,0,0,0,0,0,0,1,0,0,0,5,71,0,0,1,2,0,0,0,0,1,0,0,0,0,0,1,0,0,0,0,0,0,0,0,1,0,0,0,0,1,0,0,0,0,0,0,1,0,0,1,0,1,0,42,8,19,216,2,7,3,0,1,30,43,14,0,0,0,0,0,0,12,2,0,0,0,0,0,0,0,2,0,0,0,0,1,0,0,0,2,1,2,0,0,0,1,0,0,0,0,1
0,0,0,0,0,0,1,0,0,1,0,0,4,0,0,0,0,0,1,0,0,0,0,0,1,0,0,0,1,0,2,1,0,0,0,1,0,0,0,0,0,0,0,0,0,1,0,0,3,0,0,0,0,0,0,0,0,0,0,0,0,9,3,0,27,1,6,2,17,7,21,3,0,0,0,2,337,0,1,0,28,0,4,0,0,1,0,3,0,0,0,0,58,5,0,2,0,0,0,0,0,1,1,1,5,0,0,0,0,0,0,9,0,0,1,1,0,0,0,1
0,7,0,2,0,0,0,0,0,6,0,2,10,0,0,0,0,0,2,0,0,0,0,0,3,0,0,0,0,6,0,0,12,5,0,0,2,0,1,1,0,0,0,0,4,0,3,0,0,0,0,0,0,0,0,0,0,0,0,0,0,0,1,0,1,1,6,0,2,0,0,0,1,11,2,4,3,294,13,0,5,9,59,25,11,8,0,2,1,1,32,0,0,0,0,8,0,0,0,0,0,0,0,0,1,0,0,1,1,1,0,0,0,0,2,0,0,0,0,1
0,12,0,0,2,0,0,0,0,0,2,0,1,0,0,0,0,0,2,0,0,0,0,0,0,0,0,0,0,0,0,0,0,2,0,0,2,0,22,2,2,0,0,2,1,1,0,0,0,0,0,0,0,0,0,0,0,0,0,0,0,0,0,0,1,0,85,0,4,1,4,0,0,0,0,0,3,0,307,0,4,0,2,0,4,0,0,0,2,0,1,0,0,0,0,1,0,0,0,0,0,0,1,0,84,0,0,1,3,3,7,1,0,0,3,0,0,0,0,0
0,0,0,0,0,3,0,27,0,0,0,0,0,0,1,0,1,0,0,0,0,0,0,0,0,0,0,0,0,0,0,0,0,0,3,0,0,0,0,0,0,0,0,0,1,0,0,1,0,0,1,0,0,0,0,0,0,0,4,0,0,0,0,1,0,0,0,0,0,0,0,0,0,0,0,0,0,0,0,515,0,0,0,0,0,0,0,0,0,0,0,3,0,0,0,0,0,0,0,1,0,1,0,0,0,0,2,3,1,0,2,0,0,0,0,0,3,0,0,0
0,0,0,0,2,0,0,0,0,0,0,0,0,0,0,0,0,0,1,0,0,0,0,0,0,0,0,0,0,0,0,0,0,0,0,0,0,0,0,0,0,0,0,0,1,1,0,0,0,0,0,0,0,0,0,0,0,0,1,0,0,0,2,0,3,1,5,0,4,0,16,0,0,0,0,0,12,0,0,0,518,0,0,0,0,0,0,1,0,0,1,0,0,0,0,0,0,0,0,0,0,0,0,0,1,0,0,0,0,0,0,1,0,0,1,0,0,0,0,1
0,6,0,0,0,0,0,0,0,0,21,9,48,0,0,0,1,0,0,0,0,0,0,0,7,0,0,0,3,11,0,0,0,9,0,0,0,0,0,0,0,0,0,0,1,0,0,0,1,0,0,0,0,0,0,0,0,0,2,0,0,0,0,0,1,0,0,0,0,0,0,0,1,28,1,5,1,17,0,0,0,190,150,14,1,3,0,3,0,0,37,0,0,0,0,1,0,0,0,1,0,0,0,0,0,0,0,0,0,0,0,0,0,0,2,0,0,0,0,0
0,2,0,0,0,0,0,0,0,4,1,1,9,0,0,0,0,0,0,0,0,0,0,0,1,0,0,0,0,6,1,2,0,11,0,0,0,0,2,0,0,0,0,0,2,0,0,0,0,0,0,0,0,0,0,0,0,0,1,0,0,0,2,0,0,1,1,0,0,1,0,0,0,5,0,2,1,9,6,0,5,2,444,12,7,6,0,0,3,0,11,0,0,0,0,2,0,0,0,2,0,0,0,0,0,0,0,0,1,1,1,0,0,0,5,0,0,1,0,1
0,2,0,1,1,0,0,0,0,1,8,27,0,0,0,0,0,0,2,0,0,0,1,0,1,0,0,0,25,72,0,0,4,15,0,1,1,0,0,0,0,0,0,0,5,3,0,0,0,0,0,0,0,0,0,0,0,0,1,0,0,0,0,0,0,0,0,0,0,0,0,0,0,15,13,12,2,19,9,0,2,8,36,269,4,1,0,0,0,0,1,0,0,0,0,0,0,0,0,0,0,0,0,0,2,0,0,0,0,0,4,0,0,0,4,0,0,0,0,0
0,6,0,1,0,0,0,0,0,0,0,0,0,0,0,0,0,0,1,0,0,0,0,0,7,0,0,1,2,0,0,0,0,2,0,0,16,0,3,0,1,0,0,0,3,2,1,0,0,0,0,0,0,0,0,0,0,0,0,0,0,0,0,0,0,1,6,0,0,0,0,0,1,0,0,1,1,0,2,0,1,1,3,1,491,0,0,3,0,0,1,0,0,0,0,8,0,0,0,0,0,0,1,0,3,0,0,0,0,0,1,0,0,0,1,0,0,0,0,1
0,0,0,0,0,0,0,0,0,11,1,0,4,0,0,0,0,0,0,0,0,0,0,0,2,0,0,0,0,5,0,0,9,57,0,0,1,0,3,0,0,0,0,0,3,0,1,0,0,0,0,0,0,0,0,0,0,0,0,0,0,0,0,0,0,0,1,0,1,0,0,0,0,5,4,0,0,27,4,0,0,10,86,28,19,263,0,1,1,1,16,0,0,0,0,6,0,0,0,0,0,0,0,0,0,0,0,0,0,0,0,0,0,0,4,0,0,0,0,0
0,1,0,4,0,0,0,0,1,0,0,0,2,72,17,0,0,0,0,0,0,0,0,0,0,0,0,0,0,0,0,0,0,0,0,0,0,0,0,0,0,0,0,0,0,4,0,0,1,0,0,0,0,0,0,0,0,0,0,0,0,1,3,0,7,0,0,4,0,0,0,0,0,0,0,0,0,0,0,0,0,0,0,0,3,0,398,27,2,4,1,0,0,1,0,8,0,0,0,3,0,6,0,0,1,0,0,0,0,0,0,0,0,0,0,0,0,0,0,4
0,1,0,0,0,0,0,0,0,0,0,0,2,1,8,0,1,0,2,0,0,0,0,1,1,0,0,0,0,0,0,0,0,0,0,0,0,0,0,0,0,0,0,0,0,2,1,0,0,0,0,0,0,0,0,0,0,0,1,0,0,0,0,0,14,0,1,0,0,0,0,0,0,0,0,0,0,0,0,0,0,0,0,0,0,1,0,515,3,0,0,0,0,0,0,8,0,0,0,0,0,1,0,0,0,0,0,0,0,0,0,1,0,0,0,0,0,4,0,7
1,10,0,2,1,0,0,0,0,0,4,0,11,0,2,0,1,0,0,0,0,0,0,2,24,0,0,0,0,1,0,0,0,0,0,0,0,0,0,1,0,0,0,0,2,0,0,0,2,0,1,0,0,0,0,0,0,0,1,0,0,0,0,0,3,1,3,0,0,0,0,0,0,2,0,1,1,0,1,0,3,1,28,0,3,6,2,9,367,50,17,0,0,0,0,1,0,0,0,3,0,4,0,0,0,0,0,0,2,0,0,0,0,0,1,0,0,0,0,0
0,5,0,1,1,1,0,0,0,0,2,0,8,0,6,0,0,0,0,0,0,0,0,3,20,0,0,0,0,2,0,0,0,0,0,0,0,0,1,1,0,1,0,0,2,0,1,0,0,0,0,0,0,0,0,0,0,0,0,0,0,0,0,0,13,1,6,0,0,0,0,0,0,0,0,0,0,6,1,0,1,0,2,0,2,3,0,13,47,390,18,0,0,1,0,3,0,0,0,2,0,2,0,0,1,0,0,0,1,0,0,2,0,0,0,0,0,1,0,5
0,13,0,1,0,1,0,0,0,0,22,4,27,0,2,1,7,0,0,0,1,0,0,0,9,0,0,0,0,22,0,0,0,5,0,0,0,0,1,1,0,0,0,0,3,0,0,2,1,0,0,0,0,0,0,0,1,0,0,0,0,0,0,0,4,3,2,0,0,0,0,0,0,14,1,6,3,18,5,0,2,24,37,5,5,31,0,8,3,1,268,0,0,0,0,1,0,0,0,0,0,0,0,0,0,2,1,0,1,0,0,0,0,1,1,0,0,2,0,1
0,0,0,0,1,7,0,1,4,0,0,0,0,0,0,1,8,0,0,0,0,0,0,0,0,0,0,0,0,0,0,0,0,0,0,0,0,0,0,0,0,17,0,0,0,0,0,8,0,0,1,0,0,0,0,0,0,0,5,2,0,0,0,0,2,0,0,0,0,0,0,0,0,0,0,0,0,0,0,0,0,0,0,0,1,0,0,0,0,0,0,494,0,0,0,0,0,0,0,5,0,0,0,0,0,0,0,0,0,0,0,0,0,9,0,1,0,1,0,0
0,0,0,0,4,0,0,0,0,1,0,0,0,0,0,0,1,0,0,1,0,0,11,0,2,0,0,0,0,0,0,0,0,0,0,6,0,0,0,2,0,0,0,1,0,2,0,0,9,0,0,0,0,0,0,0,0,0,0,0,0,1,2,0,1,0,15,3,3,0,19,0,0,0,0,0,7,0,0,0,0,0,1,0,0,0,0,0,0,0,0,0,441,1,6,1,0,0,0,2,0,3,8,5,1,3,0,0,0,1,2,9,0,0,1,0,0,0,0,0
0,0,0,0,0,0,0,0,0,0,0,0,0,0,0,0,0,0,0,0,15,0,0,0,0,0,0,0,0,0,0,0,0,0,0,1,0,0,0,2,0,0,0,0,0,1,0,0,0,0,0,0,0,0,0,0,0,0,0,0,0,0,31,0,30,1,3,4,3,2,28,0,0,0,0,1,1,0,0,0,127,0,0,0,0,0,0,2,0,0,0,0,2,296,2,0,1,0,0,1,0,0,0,1,0,2,0,0,1,3,0,11,0,0,1,0,0,0,0,0
0,0,0,0,0,0,0,0,0,0,0,0,0,0,0,0,0,0,0,0,0,0,0,0,0,0,0,0,0,0,0,0,0,0,0,0,0,0,1,5,0,0,0,1,0,0,0,0,0,0,0,0,0,0,0,0,0,0,1,0,0,1,5,0,7,0,3,2,0,2,13,0,0,0,0,0,1,0,0,0,0,0,0,0,0,0,0,0,0,0,0,0,3,5,494,0,0,0,0,0,0,0,1,14,0,2,0,0,0,0,0,9,0,0,4,0,0,0,0,0
0,0,0,0,0,0,0,0,0,0,0,0,1,0,0,0,0,0,0,0,0,0,0,0,0,0,0,0,0,0,0,0,0,0,0,0,0,0,5,3,0,0,0,0,0,0,0,0,0,0,0,0,0,0,0,0,0,0,0,0,0,0,0,0,0,0,5,0,0,0,0,0,0,0,0,0,0,0,0,0,3,0,1,0,0,0,0,0,1,0,0,0,0,0,0,546,0,1,0,0,0,0,2,0,2,0,0,0,1,1,0,0,0,0,3,0,0,0,0,0
0,0,0,1,0,0,0,0,0,0,0,0,0,0,1,0,0,0,0,0,0,0,0,0,0,0,0,0,0,0,0,0,0,0,0,0,0,0,0,0,0,0,0,0,0,0,0,0,9,0,0,0,0,0,0,0,0,0,0,0,0,0,1,0,1,0,0,0,0,2,0,0,0,0,0,0,0,0,0,0,0,0,0,0,0,0,0,1,0,0,0,0,1,1,0,0,523,31,0,0,0,0,0,2,0,0,0,0,0,0,0,0,0,1,0,0,0,0,0,0
0,0,0,0,0,0,0,0,0,1,0,0,2,1,0,0,0,0,0,0,0,0,0,0,0,0,0,0,0,0,0,0,0,0,0,0,0,0,0,0,0,0,0,0,0,0,0,0,1,0,0,0,0,0,0,0,0,0,0,0,0,0,0,0,0,0,0,0,0,0,0,0,0,0,0,0,0,0,0,0,0,0,0,0,0,0,0,1,0,0,0,0,0,0,0,0,0,568,0,0,0,0,0,0,0,0,0,0,0,0,0,0,0,0,0,0,0,0,0,0
0,0,0,0,0,0,0,0,0,1,0,0,0,0,1,0,0,0,0,0,0,1,0,0,1,5,0,0,0,0,0,0,0,0,0,0,0,0,0,0,0,0,0,0,1,0,0,0,0,0,0,0,0,0,0,0,0,0,0,0,0,0,0,4,1,1,0,0,0,0,0,0,0,1,0,0,0,0,0,0,0,0,3,0,0,0,0,1,4,0,0,0,0,1,0,0,0,0,540,3,0,3,0,0,2,0,0,0,0,0,0,0,0,0,0,0,0,0,0,1
0,0,0,0,0,0,0,0,0,0,0,0,0,0,0,0,0,0,0,0,0,0,0,2,2,0,0,0,0,0,0,0,0,0,0,1,0,0,0,0,0,0,0,0,0,2,0,0,0,0,1,0,0,0,0,0,0,0,0,0,0,0,0,0,0,0,0,0,0,0,0,0,0,0,0,0,0,0,0,0,0,0,0,0,0,0,0,2,0,0,0,0,0,0,0,0,0,0,1,534,0,25,0,0,0,0,1,0,0,0,2,0,0,0,0,0,0,0,0,1
0,0,0,0,0,0,0,1,0,0,0,0,0,1,1,0,22,0,0,0,0,0,0,0,0,0,0,0,0,0,0,0,0,0,0,0,0,0,0,0,0,15,1,0,0,2,0,48,0,2,2,0,0,0,0,0,0,0,0,1,0,0,0,0,3,0,0,0,0,0,0,0,0,0,0,0,0,0,0,0,0,0,0,0,0,0,0,0,0,0,0,3,1,0,0,0,0,0,0,2,466,2,0,0,0,0,0,0,0,0,0,0,0,0,0,1,0,0,0,0
0,0,0,0,0,0,0,0,0,0,0,0,1,3,1,0,0,0,0,0,0,0,0,1,1,1,0,0,0,0,0,0,0,0,0,1,0,0,6,0,0,0,0,0,2,1,0,0,0,0,19,0,0,0,0,0,0,0,0,0,0,0,0,0,7,0,0,0,0,0,0,0,0,0,0,0,0,0,0,0,0,0,0,0,0,0,0,0,3,0,0,0,0,0,0,0,0,0,1,18,0,506,0,0,1,0,0,0,0,0,1,0,0,0,0,0,0,0,0,0
1,1,0,0,1,0,0,0,0,0,0,0,0,0,0,0,0,0,0,0,0,0,0,0,1,0,0,0,0,0,0,0,0,0,0,0,0,0,9,3,0,0,0,1,0,1,5,0,0,0,0,0,0,0,0,0,0,0,0,0,0,0,0,0,1,0,81,24,3,1,7,0,0,0,0,0,2,0,4,0,0,0,0,0,5,0,0,0,0,0,0,0,1,0,0,6,0,0,0,0,0,0,202,0,208,0,0,0,0,1,1,2,0,0,3,0,0,0,0,0
0,0,0,0,0,0,0,0,0,0,0,0,4,2,0,0,0,0,0,0,1,3,0,0,0,0,0,0,0,0,0,0,1,0,0,0,0,0,0,6,0,0,0,0,0,0,0,0,1,0,0,0,0,1,0,0,0,0,0,0,0,5,28,0,9,0,1,2,0,8,0,0,0,0,0,0,1,0,0,0,0,0,0,0,0,0,0,5,0,0,0,0,4,3,27,2,3,2,0,0,0,0,0,450,0,0,1,0,0,0,0,5,0,0,1,0,0,0,0,0
0,2,0,0,0,0,0,0,0,0,0,0,0,0,0,0,0,0,0,0,0,0,0,0,1,0,0,3,0,0,0,0,0,0,0,2,4,0,9,1,11,0,0,7,0,3,1,0,1,0,0,0,0,0,0,0,0,0,0,0,0,1,0,0,2,0,32,5,0,0,0,0,0,0,0,0,0,0,5,0,0,0,1,0,7,0,0,0,0,0,0,0,1,0,0,5,0,0,0,0,0,1,29,0,436,0,0,0,0,1,3,0,0,0,1,0,0,0,0,0
0,0,0,0,0,0,1,0,0,0,0,0,0,0,0,0,0,0,0,1,0,0,0,0,0,0,0,0,0,0,0,0,0,0,0,0,0,0,0,0,0,0,0,0,0,0,0,2,0,25,4,0,5,4,2,1,2,0,0,0,0,0,6,0,8,0,1,0,0,0,0,0,0,0,0,0,2,0,0,0,2,0,0,0,0,0,0,0,0,0,0,1,2,0,0,1,0,0,0,1,0,0,0,0,0,336,10,10,38,17,6,71,0,0,2,0,10,0,0,4
0,0,0,0,0,1,0,0,0,0,0,0,0,0,0,0,2,0,0,0,0,0,0,0,0,0,0,0,0,0,0,0,0,0,0,0,0,0,0,0,0,0,0,0,0,0,0,0,0,19,9,0,3,11,3,0,0,0,2,0,0,0,0,1,11,0,4,0,0,1,0,0,0,0,0,0,0,0,0,0,0,0,0,0,0,0,0,0,0,0,0,1,0,0,0,0,0,0,0,0,0,1,0,0,0,108,132,50,73,33,18,45,2,3,1,1,30,6,1,4
0,0,0,0,0,0,0,0,0,0,0,0,0,0,0,0,0,0,0,0,0,0,0,0,0,0,0,0,0,0,0,0,0,0,0,0,0,0,0,0,0,0,0,0,1,2,0,0,0,6,0,0,1,0,9,0,4,0,1,1,0,0,0,0,0,0,2,0,0,0,0,0,0,0,0,0,0,0,0,0,0,0,0,0,0,0,0,0,0,0,0,0,0,0,0,1,0,0,0,2,0,2,0,1,0,6,0,498,3,1,10,0,0,2,0,1,19,1,2,0
0,0,0,0,0,0,0,0,0,0,0,0,0,0,0,0,0,0,0,0,0,0,0,0,0,0,0,0,0,0,0,0,0,0,0,0,0,0,0,0,0,0,0,0,0,0,0,0,0,2,7,0,0,0,2,0,6,2,1,0,0,0,0,0,3,0,2,0,0,0,1,0,0,0,0,0,0,0,0,0,1,0,0,0,0,0,0,1,0,0,0,0,0,0,0,0,0,0,0,0,0,0,0,0,0,5,1,7,508,1,8,6,0,0,0,0,4,7,0,0
0,0,0,0,1,0,0,0,0,0,0,0,0,0,0,0,0,0,0,0,0,0,0,0,0,0,0,0,0,0,1,0,0,1,0,0,0,0,0,0,0,0,0,0,0,0,0,0,0,3,0,0,0,29,0,2,1,0,0,0,0,0,0,0,3,0,2,0,0,1,0,0,0,0,0,0,0,1,1,0,0,0,0,0,0,1,0,0,0,0,2,1,0,0,2,0,0,0,0,0,0,0,0,0,1,14,6,6,6,398,27,18,0,0,42,0,3,2,0,0
0,0,0,0,1,0,0,0,0,0,0,0,0,0,0,0,0,0,0,0,0,0,0,1,0,0,0,0,0,1,0,0,0,0,0,1,0,0,0,0,0,0,0,0,0,0,0,0,0,0,38,0,1,1,0,0,2,0,2,0,0,0,0,0,1,0,1,0,1,0,0,0,0,0,0,0,0,0,0,0,0,0,0,0,0,0,0,0,0,0,0,0,0,0,0,0,0,0,0,0,0,3,0,0,0,0,0,5,1,2,508,0,0,0,1,1,3,0,0,0
0,0,0,0,0,0,0,0,0,0,0,0,0,0,0,0,0,0,0,0,0,0,0,0,0,0,0,0,0,0,0,0,0,0,0,0,0,0,0,0,0,0,0,0,0,0,0,0,0,0,0,0,0,0,0,0,0,0,0,0,0,0,0,0,1,0,0,0,0,0,0,0,0,0,0,0,1,0,0,0,0,0,0,0,0,0,0,0,0,0,1,0,2,0,0,0,0,0,0,0,0,0,0,0,0,1,0,0,2,2,0,566,0,0,0,0,0,0,0,0
0,0,0,0,0,0,0,0,0,0,0,0,0,0,0,0,0,0,0,0,0,0,0,0,0,0,0,0,0,0,0,0,0,0,0,0,0,0,0,0,0,0,0,0,0,0,0,0,0,0,0,0,0,0,0,0,0,1,0,0,0,0,0,0,2,0,5,0,0,0,0,0,0,0,0,0,0,0,0,0,0,0,0,0,0,0,0,0,0,0,0,0,0,0,0,0,0,0,0,0,0,0,0,0,0,1,0,0,0,8,0,36,516,0,4,0,2,0,0,0
0,0,0,0,0,1,0,0,0,0,0,0,0,0,0,0,0,0,0,0,0,0,0,0,0,0,0,0,0,0,0,0,0,0,0,0,0,0,0,0,0,2,0,0,0,0,0,0,0,0,0,0,0,0,1,0,0,0,2,0,0,0,0,0,1,0,0,0,0,0,0,0,0,0,0,0,0,0,0,0,0,0,0,0,0,0,0,0,0,0,0,7,0,0,0,0,0,0,0,1,0,0,0,0,0,0,0,0,0,0,0,0,0,553,0,0,1,0,7,0
0,0,0,0,0,0,0,0,0,0,0,0,0,0,0,0,0,0,0,0,0,0,0,0,1,0,0,0,0,0,0,0,0,0,0,0,0,0,1,1,0,0,0,0,0,0,0,0,0,0,0,0,0,6,0,0,0,0,0,0,0,0,0,0,0,0,2,0,1,0,0,0,0,0,0,0,0,0,1,0,0,0,1,1,0,0,0,1,0,0,0,0,0,0,0,0,0,0,0,0,0,0,0,0,1,0,2,0,0,47,3,8,0,0,496,0,3,0,0,0
0,0,0,0,0,0,0,0,0,0,0,0,0,0,0,0,0,0,0,0,0,0,0,0,0,0,0,0,0,0,0,0,0,0,0,0,0,0,0,0,0,1,0,0,0,0,0,0,0,0,4,0,0,0,0,0,0,0,12,155,0,0,0,0,0,0,0,0,0,0,0,0,0,0,0,0,0,0,0,0,0,0,0,0,0,0,0,0,0,0,0,0,0,0,0,0,0,0,0,1,0,0,0,0,0,0,0,1,0,0,0,0,0,0,0,399,0,0,3,0
0,0,0,0,0,0,0,0,0,0,0,0,0,1,1,1,0,0,0,0,0,0,0,0,0,0,0,1,0,0,2,0,0,0,0,0,0,0,0,0,0,0,0,0,0,1,0,0,0,0,0,0,4,0,15,0,1,0,1,0,0,0,1,0,4,0,2,0,0,0,0,0,0,0,0,0,0,0,0,0,0,0,0,0,0,0,0,1,0,0,0,0,0,0,0,2,0,0,0,0,0,3,0,0,4,0,0,22,1,1,7,4,0,0,0,0,495,0,0,0
0,0,0,0,0,0,0,0,0,0,0,0,0,0,0,0,0,0,0,0,0,0,0,0,0,0,0,0,0,0,0,0,0,0,0,0,0,0,1,0,0,0,0,0,0,0,0,0,0,2,1,0,0,0,0,8,0,0,2,0,0,0,0,0,0,0,0,0,0,0,0,0,0,0,0,0,0,0,0,0,0,0,1,0,0,0,0,1,0,0,0,0,0,0,0,1,0,0,0,0,0,0,0,0,1,0,0,1,9,8,1,1,0,1,0,0,0,536,0,0
0,0,0,0,0,0,0,0,0,0,0,0,0,0,0,0,0,0,0,0,0,0,0,0,0,0,0,0,0,0,0,0,0,0,0,0,0,0,0,0,0,1,0,0,0,0,0,0,0,0,2,0,0,0,6,0,0,0,7,33,0,0,0,0,1,0,1,0,0,0,0,0,0,0,0,0,0,0,0,0,0,0,0,0,0,0,0,0,0,0,0,5,0,0,0,0,0,0,0,0,0,2,0,0,0,0,0,12,0,0,2,0,0,13,0,4,2,0,484,0
0,0,0,0,0,0,1,0,0,0,0,0,0,0,0,0,0,0,0,0,0,0,0,0,0,0,0,0,0,0,0,0,0,0,0,0,0,0,0,0,0,0,0,0,0,0,0,0,7,0,1,0,0,3,0,0,0,2,1,0,0,0,0,0,0,0,0,0,0,0,0,0,0,0,0,0,0,0,0,0,1,0,0,0,0,0,0,1,0,0,1,0,3,0,0,0,0,0,0,0,0,0,0,0,3,0,0,0,1,2,0,45,0,0,2,0,0,0,0,502
